291
183
284
215
184
30
197
60
283
266
265
227
2
14
258
18
91
18
72
244
184
121
171
290
18
20
78
255
56
88
114
100
32
7
271
239
252
100
258
132
232
73
186
239
263
257
86
17
27
106
101
46
253
167
46
193
92
170
159
27
125
261
132
49
179
121
141
226
18
150
299
214
264
114
284
178
198
124
298
44
147
14
168
59
267
238
60
217
103
174
105
129
262
62
99
236
236
233
237
195
231
76
83
113
121
2
272
273
286
63
253
122
219
209
256
235
3
247
1
100
170
281
110
262
205
273
288
259
159
281
212
294
117
251
250
52
105
86
112
242
221
55
151
210
287
277
106
67
278
48
174
33
120
59
30
201
85
264
134
281
58
169
287
16
173
203
239
177
202
4
200
90
153
28
209
249
160
248
10
149
207
72
73
245
148
129
135
241
226
111
119
251
83
267
257
35
138
259
22
167
89
166
102
238
259
108
150
17
123
172
48
73
159
283
155
6
3
79
42
243
65
151
181
107
110
72
207
17
103
215
181
247
22
217
83
274
209
241
133
211
179
249
127
300
10
272
249
35
21
168
189
124
131
223
98
200
93
136
168
101
198
167
172
288
50
234
114
47
22
125
220
3
35
116
151
276
298
200
193
21
162
55
205
20
154
158
55
86
286
9
199
140
30
14
178
246
225
82
55
92
