5554
805
3867
7272
295
8403
8786
5860
2450
8978
1296
2360
1666
9291
6964
7490
1506
9069
4289
1245
9935
5974
1338
3540
4445
8865
4973
7887
8576
8885
8623
1139
5415
4304
5695
5272
6473
8598
7535
258
4407
7486
7398
1019
5016
5292
4692
2071
1197
3518
2978
6545
9951
6819
5127
4244
2577
2367
5097
3299
3474
3678
733
4774
6305
642
2904
3628
6309
5295
5338
6880
2629
1197
140
7412
7416
3968
2275
3858
2361
8095
7882
8583
6285
784
1825
4979
3307
6843
7743
3780
4967
5600
3099
3816
1898
6537
3159
3235
8225
7933
9517
4581
2409
7232
7563
5526
3352
7774
1210
9824
1913
2556
1370
9812
5972
3553
3452
957
6695
6407
8041
4264
6343
2059
237
5286
2135
3427
9913
2082
9764
7080
816
5252
7814
4369
4984
9111
5795
9164
9698
6745
3151
7440
8133
7747
732
2958
8567
154
1608
9836
8785
468
8775
3824
5698
3823
3144
8090
4483
1541
2862
7152
43
2036
6838
2858
5348
6211
147
6360
7092
7852
5859
9709
1679
9501
5182
5477
61
2650
1427
8383
1057
6132
6801
4304
9963
9956
9862
8572
6607
3101
2311
9208
3725
5108
4529
8784
9249
1108
358
2135
9419
1795
3000
5720
5417
5821
6372
7138
9421
1356
7299
3564
5512
2012
145
4043
1692
5712
5082
7247
6192
2344
3262
776
7510
8524
7303
4849
5937
6151
3131
5553
2078
1791
3548
1448
3378
2162
786
971
8925
4230
7283
4650
3865
5161
1964
1125
85
3966
3943
4503
7069
9771
8396
2688
8070
2226
3355
3348
9618
142
9665
6138
575
2807
2014
6989
7390
8264
9046
5362
7725
234
7868
6700
8840
3824
8756
8473
628
3075
651
7633
9257
3400
3469
5046
2055
2455
1250
1924
9906
9738
8916
1619
4671
4590
6414
5739
9700
4432
4925
288
8145
3447
9356
8410
2793
7400
5904
5781
7885
367
3667
8089
6722
3078
4705
102
2301
3587
1563
7953
7969
7878
802
755
1544
1382
8164
2620
165
4791
9203
2260
9639
4387
7223
8556
5580
7952
3980
4703
9434
9619
4250
406
4286
5310
5491
4035
2066
6843
8816
2801
3209
1427
2018
2992
8876
2937
6230
4907
6738
5155
7560
282
1656
7840
2981
1109
7544
2516
6506
2270
2498
729
7814
3179
909
7370
3948
8213
1407
3426
4650
3189
8428
4387
6294
9602
5931
607
2587
3159
4932
4974
1320
2313
3636
7174
8265
362
6094
9175
5418
4812
9339
476
8879
9508
113
5421
9944
5180
4904
7540
1080
5675
8573
4824
5774
302
8829
6973
8887
8880
4144
9109
6937
8902
2981
1843
959
9863
6469
1660
600
3722
8719
1737
255
6021
5858
6815
1634
703
9940
3368
9222
3912
5965
9705
6006
7441
4133
4361
1709
3615
3005
6558
4403
6440
82
3477
1106
97
5692
2568
4747
3035
8646
5284
8560
9570
9242
3013
9334
7417
4070
2761
2905
9476
1344
7616
160
1641
3242
1959
6668
2770
1169
2736
5031
6085
9043
2974
2179
6341
6279
5485
7627
7080
1732
3290
9335
4144
5016
5026
1852
3420
6099
4238
6343
960
1865
3256
8736
2168
762
9028
7797
5758
5154
8323
2519
4491
2021
704
6817
9160
5638
4753
8269
9855
5672
3957
8912
6873
9503
9476
5015
8932
6344
6679
6615
8380
4582
3483
899
2904
7086
1057
9195
264
6341
9002
8974
878
3442
4542
2073
2415
173
1303
1933
6992
9524
1744
2264
9883
1491
8609
297
6759
8646
2613
3463
1308
7579
7870
6667
6952
1612
2078
10000
8708
8172
7793
1664
4589
6225
1933
3385
3077
1057
756
4030
9686
1731
9698
3830
6234
8746
840
1920
7956
6874
3548
4602
2083
2485
1407
928
9303
4433
9550
8353
9322
5682
6079
4703
9217
5024
6763
2908
6347
6566
9955
2128
9925
7531
3414
2342
5643
5831
2074
8948
6877
4770
6068
1695
7792
8245
7063
3173
4698
1722
2785
3902
9800
3973
3754
688
461
522
7453
2902
1783
5643
5870
8193
3426
7923
2487
4598
4997
9170
3535
7432
4673
4996
7690
9552
6437
6844
3304
805
5047
8425
6350
4883
9006
8079
7273
9052
8680
6310
1529
1769
1024
7981
8503
3820
4368
5184
8627
8237
6036
8060
2261
2966
4278
8676
3384
2081
7602
7692
5773
8462
5239
7554
9250
8868
8141
6433
2506
2118
8226
4521
8148
1701
2634
7400
9608
4839
842
3737
8202
8256
4278
9596
1620
7379
9821
1017
9775
7600
8258
64
1311
2013
6463
2832
3466
3358
25
2896
3289
8754
3454
2794
2150
4866
7192
9380
6055
8671
3776
1963
5854
9786
4883
8525
3753
3536
9614
4548
6863
3844
3183
9652
4533
1916
3701
9201
7150
822
3898
657
6505
4259
582
1699
9169
2978
3381
4143
6364
3302
559
4027
2627
9894
7335
6973
7155
6249
8090
7808
9924
7766
3865
5955
4214
7770
3810
8259
4172
9190
7468
4144
843
6602
8750
1824
3132
5721
4472
9589
4496
8723
5784
3073
6505
5395
3966
1304
3992
2951
9608
6312
3284
2748
7832
6561
5384
7415
328
5099
3189
9245
6772
6798
9645
5157
6933
5427
9014
1255
5140
6338
4817
616
2988
4871
9109
6598
6230
543
1859
8149
4993
8693
6669
1051
572
6364
2727
3341
3714
9755
7231
7979
554
2845
3425
6169
2099
482
8775
927
2947
1440
9153
9218
232
3575
9013
2977
9089
5874
8554
6219
6442
3107
5559
9245
2706
8601
5984
2827
2806
2489
2757
5863
2091
2066
1181
5228
1302
6781
2429
3866
2606
5624
6157
6834
1071
1994
4354
4269
9533
8173
8605
9992
8484
7548
5039
5262
2294
3053
3610
4877
9521
207
702
1287
3523
4606
5927
2471
9254
9238
1520
9375
6502
4515
3399
8639
7322
6893
3036
2785
5683
378
3104
8675
3655
9006
8417
4449
6822
9329
2161
8306
8593
6309
1551
7257
7243
4585
8612
3460
5616
3221
5884
8517
2542
950
5838
6362
6216
6583
7555
1574
8843
689
6538
8233
8605
2755
1004
6261
2735
7467
6471
8885
6024
9915
5524
5995
4919
2217
4340
7255
2836
7040
3932
720
1598
5728
913
49
9901
994
9525
4102
9065
3343
6687
7708
7572
7655
9183
8311
364
1479
3533
1925
1585
1643
8758
2212
1035
5929
2914
7419
8936
2151
9250
9123
5813
3747
3290
5616
1784
4146
2650
8708
5143
6383
7353
273
8285
5134
3828
8218
5751
7224
6443
7125
706
5867
6940
7902
6400
6990
4489
4323
6048
6589
2803
5619
6702
3935
691
1527
880
5637
8921
2184
9739
2539
6527
8329
376
3344
5985
1754
9115
8499
5572
7079
8799
8439
2128
2890
938
4065
2586
2386
6163
8702
9004
1541
5912
8562
2193
8429
4160
8702
3634
9012
7155
6065
7540
3213
27
7035
2599
5640
4928
4911
9036
9618
9577
781
3381
4706
4814
1289
1189
5853
2970
9633
6516
4798
5724
4978
5634
4132
4692
5463
1864
1744
8916
4041
4557
6192
5553
663
2068
1610
649
4170
3888
4499
3859
8647
7927
4170
2680
3144
9348
5275
3759
9775
9821
4519
1588
6383
479
7926
7529
7157
2513
6161
8335
4023
4255
6484
2845
2810
1279
4893
9429
2872
8895
8942
951
1410
1202
7730
1704
9423
8510
7616
3841
2744
5530
6464
107
9800
9893
6873
3792
6809
6921
6785
5926
9580
2749
6851
6491
6490
6128
7373
663
272
7930
7389
565
3052
1432
7658
2294
8712
5926
2553
9361
5735
6762
8433
1090
9088
2165
4607
5573
9184
686
798
8567
7751
4472
662
1483
8100
8898
1063
1331
2036
4915
1106
9683
3761
9578
3446
8352
7495
9558
7578
2663
4301
2668
6359
1618
787
5276
5354
5505
4335
2764
2363
7544
2303
8331
9721
3974
2112
6714
7828
3421
7266
9994
8813
7534
3284
9752
600
9352
3358
9595
4986
6773
3065
5755
3506
3333
1804
9745
5401
2440
3043
3127
6429
4653
620
2379
3303
4607
4696
8167
8319
711
2786
2828
5934
4382
7573
4666
4399
7671
6266
6211
5506
5018
9900
496
3126
9212
9981
4390
6992
674
6136
262
3762
9382
9439
6637
7621
2784
964
7742
4550
424
4220
7484
1644
1634
9131
7099
1854
3909
766
9258
6173
5697
2656
21
7354
9918
6722
9517
9185
2433
1407
5115
9131
4990
8826
2291
2752
6718
3147
8086
1104
2465
9479
517
1004
4326
8805
9555
9403
1207
1545
8629
976
5790
228
3515
5289
8727
4902
5384
3392
4478
490
7942
8796
3735
1113
2479
7498
5438
8233
3634
7418
9952
6919
2519
4672
3362
4075
7040
9201
4104
7944
5152
5843
1625
7487
7832
2691
8563
230
5377
1704
9943
1316
3398
3019
9244
3111
9180
1949
3359
7403
9904
1925
8953
7065
1230
8453
2294
5785
5454
8654
4738
5152
757
8088
4782
8238
3115
2417
5959
9062
6952
5047
4764
4185
5643
6753
1476
3380
6531
3969
1203
3227
6786
9543
7050
2841
5720
6092
8733
888
1504
7997
4394
6324
9056
2794
3189
796
2642
9707
7052
7719
931
5075
5386
4221
8850
6492
6507
6670
2150
3049
7568
9220
6639
6749
2784
2660
1661
246
1128
1045
6424
5489
4871
8816
9085
5752
8913
6590
1163
7554
4669
7720
5962
5369
8339
5012
8471
1904
7756
664
3288
5930
8177
9137
908
3647
3485
8755
9731
9909
3751
1865
1187
320
5344
4684
4533
8016
2389
5463
6575
7239
5750
7015
9120
8686
9321
37
1862
1152
6777
7787
2078
6452
4230
2768
9602
575
8989
4026
9314
4775
7445
9466
1011
2889
2107
2250
3309
2532
8828
1550
5528
3937
25
8478
8728
2445
1309
764
7713
3642
4734
7848
8820
9319
6595
1666
3180
1546
2543
9309
7130
9667
35
5171
4461
1037
7750
4122
1098
2032
18
7651
2042
410
2483
9383
1147
4505
1889
5284
5406
8142
2615
40
1377
6316
6620
1460
6777
250
3897
2762
2852
9675
6481
1999
2012
246
5493
2374
4162
2552
474
3834
4890
1731
4774
2318
648
8883
5404
6922
4609
2485
1792
662
457
9636
4581
805
9984
6998
9345
3340
1707
6398
4024
8880
5736
1784
8938
2211
7711
6224
5734
1388
8105
3103
6018
7268
8427
4988
7551
8980
145
6177
49
7653
4835
2009
2475
4779
511
3162
8911
6581
2954
595
8725
2534
3685
3944
3892
7453
9474
2171
8707
6606
6283
7033
663
1165
6264
1940
119
8770
9654
8692
5846
5245
2830
8369
1051
8146
957
4846
6250
6629
6500
3834
8393
6113
8104
2260
2883
5555
245
6947
4283
5908
2624
1443
6620
5403
8134
8015
8867
7372
2139
3463
7518
757
5976
4246
3748
2205
1684
3188
8667
9795
12
5323
1398
736
233
6085
7257
2751
7446
8201
5543
9265
236
4962
1636
341
2269
3541
1691
8910
3181
5336
7613
3902
7827
6972
8092
5331
1838
5326
5478
8193
7585
9931
3090
2930
5406
979
9248
942
1839
2367
3214
4358
7557
1057
6480
5385
406
8581
3416
1913
6931
438
2688
3120
8768
7799
9660
1142
59
1700
5219
4524
9263
9437
3362
2506
9206
8065
9155
8069
9302
9984
8006
4299
9707
2506
5366
5111
8800
6088
8723
5611
1089
5507
3854
9393
1673
6948
2071
579
55
8049
4434
9116
7220
9637
6795
8842
1337
6234
4537
3829
1815
7372
3380
6304
7611
7044
3861
7343
2334
4723
4012
4429
7693
9443
4874
339
7677
2942
5183
1674
8271
5325
1648
4249
5036
5927
44
7590
2302
5645
4641
472
8584
8380
2563
2966
4096
5625
9382
7912
4254
9162
5546
2737
160
8008
2081
7349
7865
1346
3995
1524
1344
4183
6406
8261
6761
1394
8042
676
5655
1882
3315
839
9378
9656
9354
2469
7583
5598
113
4507
4636
562
518
3958
6842
1619
2964
4951
5671
3886
4624
777
1580
6176
8619
1673
9142
3919
4774
2424
4083
6581
8434
9254
9054
834
2244
1412
3137
6983
8028
609
2986
1067
3205
3214
5773
1247
2105
2664
2295
8529
6839
2741
7368
6225
8106
633
2807
3473
7125
8793
2597
9474
2729
4716
6297
9773
9223
8976
8052
5072
1907
5370
1609
7808
4463
6302
6134
9388
4535
5352
5242
5326
9689
3962
1023
7711
6523
9601
5662
4667
6812
2070
1023
119
8635
9787
1597
1280
5049
4189
3798
9369
1781
2440
3253
7186
1002
8107
1933
6054
5631
5779
6191
1231
4659
1417
495
663
9300
3799
2377
5583
9928
15
4753
832
9033
8931
1440
2405
6843
784
9869
7601
7726
4464
8130
2947
8627
6659
2322
5777
7745
2589
2331
7582
7432
3794
9276
548
4924
9649
6627
1653
4700
419
8827
8530
1024
1763
8396
9310
1453
9101
4021
151
4717
5309
5541
4629
3276
544
2867
729
5117
3669
5841
4508
3736
8979
8213
5632
2717
4924
7581
6018
6814
280
2180
8116
4988
2310
3595
8734
2666
2873
9367
3133
5334
9571
5040
5515
1971
6713
9451
4432
4417
2452
4414
2582
6453
3563
6343
6989
5821
4760
3592
6129
1687
2972
2913
311
568
387
4760
3899
4263
6739
4317
2962
5364
482
5728
5404
2103
8967
201
3613
306
5913
6334
9131
8730
1395
9681
9349
4529
4644
244
5337
4935
9819
5172
3536
9777
2966
7848
4567
1723
1087
5149
7275
7793
7774
5908
9806
6812
6932
1534
7653
9953
4173
6990
1619
3956
1307
3239
175
1123
3408
7090
7226
6180
3813
5592
9278
414
5252
5327
7143
3984
7370
1299
5008
3507
2622
6290
3937
9734
997
3126
2980
2205
2228
3590
6408
1969
9875
261
229
7220
7975
1735
1445
4838
5664
9345
602
7124
3382
8448
4269
6373
6902
1644
1766
305
9705
3058
3551
8114
2336
5765
4630
6127
3470
5778
2791
4114
3421
2909
2534
5378
6796
8130
1818
2250
5464
1094
6597
7235
4365
4497
6543
4625
5458
7926
9266
2950
8477
2126
2813
1724
2625
754
2587
1681
8279
5467
3960
3962
4028
7796
5413
8718
8162
4101
6651
8755
3492
9268
6126
1623
4793
4870
3256
4213
6317
9679
696
6729
79
6431
9800
4565
1794
6905
9623
9272
1660
3828
9797
2712
915
6123
6871
258
1677
1047
5264
691
2761
6651
7486
589
3794
6113
7224
8465
9199
3628
7724
6576
9725
4251
7022
2889
396
139
1050
3384
2499
1979
5898
2654
1683
9935
177
1191
2090
5611
9664
3069
8661
1415
8340
7692
7168
7442
5224
4343
7736
1155
8086
3708
5287
8504
8082
7571
9123
2785
735
1940
7748
5913
9866
8926
8734
7737
6953
7846
9143
8178
8428
4731
3888
7514
3055
7274
5211
3092
2206
5890
9875
1814
2166
8590
4992
1259
650
6508
3375
4696
1145
2249
4657
8443
7115
422
436
8806
3273
2553
6359
8302
3484
6043
1713
2288
7442
4590
8130
9238
33
3273
8631
3756
2328
8283
5661
3304
3748
8703
5710
8678
2578
6706
7958
3302
3204
6935
156
380
5814
5028
1917
6759
2465
1828
3444
1574
8387
8585
5020
6542
4936
449
6498
6430
5781
3572
9874
4743
9086
5138
793
2832
4254
1505
4255
7886
1877
8674
839
4653
2468
9478
3736
1468
8287
5212
7852
3428
920
4794
3645
8290
6143
4434
1913
1190
1541
1538
9080
9600
8926
9736
3368
4908
9726
8251
7938
3113
8626
6072
7166
4199
4781
1460
7243
2315
4810
5729
1706
2086
3963
4877
252
277
7592
2727
7719
7561
3312
4384
3302
7072
4574
4820
2597
8700
2454
1548
8448
3000
378
5089
9656
6166
9657
1997
7134
745
2177
1364
7057
6020
909
770
6329
3322
3786
7825
9328
8046
265
7807
8329
7638
7576
242
3102
894
2454
4979
1929
9116
6741
1778
8754
6199
8669
493
7179
7011
6810
8953
2126
8782
1611
9097
3032
1102
463
8290
8469
39
480
9376
8114
1608
774
976
2657
3208
8343
8228
875
1386
2060
6192
7457
9137
713
5188
1705
8999
7298
9697
8699
5460
3407
4687
3239
1207
1903
7746
4400
4516
6773
9324
1500
6092
3932
3966
8816
8964
5706
3348
595
2240
5716
5765
3997
6061
9886
3650
5799
2748
2189
5337
5011
5479
9707
799
7841
3347
6274
2781
7476
949
5677
8209
9365
6194
426
1936
8641
6323
2383
3417
9378
3806
5357
9626
4269
9813
7424
7820
3920
5057
7151
1336
2034
9810
2113
5894
995
9757
5335
269
3417
3540
1814
6055
993
6705
7972
4574
6964
7610
591
2950
6977
4522
8171
6149
260
9931
9023
9495
7667
1265
7844
1065
1071
2419
1750
5654
1414
7697
227
4065
7557
3159
4788
3480
2642
3005
3770
2648
766
3503
3253
7659
2618
3551
7780
4080
7590
2756
4665
5956
8924
3276
3122
3054
7253
6505
9846
3324
7027
8403
6089
9013
9772
1302
9139
9266
8333
2564
1739
5677
8574
5008
3682
4242
2412
370
1187
7
4761
4540
2105
8142
938
2948
4135
1036
575
2172
9693
9399
3192
312
2093
9978
539
7060
4841
8647
1473
576
8023
9891
6024
1863
8218
5540
3520
6627
8250
8421
4244
7578
8527
6168
3657
7345
3201
717
7974
8064
8110
1345
6344
1553
5951
1064
3908
2304
3598
3211
8891
1980
4677
3119
9777
3141
7710
447
5667
464
2579
8190
4423
2525
7745
4300
78
5905
8151
8053
2850
7296
3767
9098
3103
8898
5748
6161
9824
6888
9799
106
5834
397
4720
6537
7599
228
1639
6932
3730
8781
2723
6741
4877
1685
100
4012
3896
9545
4797
2250
4887
8634
8389
1845
2832
5409
6510
9150
9614
4704
4431
8641
7743
1972
9556
5894
4133
6052
6863
1514
2582
5997
7113
3054
5916
663
6604
5164
4356
6758
1732
2709
9024
7660
308
6368
5083
1886
8501
5610
176
3612
12
5020
2648
1748
4479
6387
9244
9758
5360
9118
1441
6496
4097
7919
8091
9345
8687
8611
4081
3302
491
9737
1999
3897
433
1206
9343
9181
1010
9934
6389
5242
1567
603
956
4533
4559
761
194
8699
8861
7916
9607
777
3050
6584
5764
8961
8376
8848
5713
5892
8421
1292
4565
8401
9447
8776
4580
2022
8462
6181
9346
6324
4333
2599
6692
5981
2598
4909
1778
9368
9308
731
7230
7371
2242
3705
9588
5570
4226
5831
558
7540
5634
9329
5676
6695
4486
6812
5413
1415
8327
4695
826
4822
4445
4335
9122
4373
6312
9837
250
5343
8174
1978
6162
9589
8500
7866
3186
7555
6944
9381
7203
2630
9473
3772
4599
4825
1548
9689
9696
3133
281
1529
8011
5113
5788
3305
8208
9269
3497
5381
2984
5566
7055
807
2970
3295
9677
3731
8234
1533
4466
1479
8775
6920
9586
2179
5232
8513
6977
16
4818
4179
6529
8701
1222
45
3623
1654
7560
8739
5076
2603
8077
8603
7281
1062
3771
566
9549
1715
6824
6791
8916
8750
7461
3347
8905
3105
9464
7239
6820
6359
3545
6254
2556
7937
9942
4397
4902
6907
6031
5111
4570
6725
9214
7115
9761
8306
1059
2628
1460
4860
4184
4435
5736
4687
5964
9719
6000
462
6183
2913
6011
1408
2344
6217
2671
5066
6691
2449
2105
2325
7663
6358
3609
240
6239
4602
9110
5107
6236
5977
9558
5485
560
6028
2379
2627
8760
1080
3884
8797
5190
1002
8606
9425
3058
8979
5822
6941
8904
2455
5794
541
7575
660
780
7998
670
9155
4613
991
800
8082
3885
8607
6857
8332
2006
7738
1483
2230
202
7491
5086
3289
7650
4633
817
3423
4802
4351
3177
9486
3517
7738
9896
3429
787
7198
4574
3337
6163
5070
7553
5798
215
3952
3948
9186
4359
8534
5388
5243
833
393
684
923
51
1407
8736
1393
6810
137
9610
1202
205
189
6850
773
4279
3227
9530
6695
3984
8042
8244
2019
5252
2205
529
8784
8459
712
2027
8599
9909
9631
7216
1622
4448
9000
516
9706
2856
8528
4861
7804
6955
1510
7020
5488
9703
7636
103
8624
6227
2187
6364
9919
3101
7181
456
8035
7346
9134
4248
4512
6460
4154
5018
4832
8448
7822
2183
9033
6949
9695
8121
8915
2932
9456
1482
3661
7828
7387
612
4541
9154
1823
8685
8210
12
5069
9455
7772
4774
8842
599
7027
8097
1436
1897
1923
1612
7487
6312
4397
3073
5441
2549
5546
530
1982
4523
4695
8548
184
9576
1042
4797
9165
9350
3591
6850
1385
644
3372
1028
3160
7344
1792
1677
3419
5985
1615
8276
2385
3893
1074
7633
3263
1394
6800
6485
553
2425
3664
6903
670
9561
3266
4664
2270
5597
4479
1168
5821
6056
6653
2485
7904
5025
8717
4523
9768
8228
4461
7677
7988
8229
2896
1804
5745
249
4468
9062
4812
9748
3782
3454
4613
3234
3140
8657
7747
9987
9952
4860
8051
7247
9727
3653
9191
9410
9967
9626
247
1269
9488
128
3627
3329
938
8276
3815
5948
9686
80
7811
2418
8364
9006
9952
2056
6638
203
2084
1636
8545
1239
824
8992
8398
7220
8285
2073
7638
784
3900
5620
4276
8456
6881
2113
3733
5067
5344
2298
4873
5153
3077
2916
8263
3172
4749
3752
8821
2308
8845
1140
4289
9385
2605
993
3370
5718
1222
9885
9396
7179
5611
3499
9545
7680
6333
1776
4539
7058
1567
3298
4696
8718
4715
9240
2074
6417
5788
2203
4409
4235
9287
3713
357
5589
1849
2831
4170
8378
8579
84
4905
8369
7129
8136
2268
9204
2655
3915
8658
4832
6806
6646
2831
2163
6283
8019
960
7731
5902
6736
401
5953
1709
4218
2486
1817
7369
5296
6033
562
4080
6991
1131
6902
587
2231
8131
4036
5916
6772
1167
2646
8693
7435
8217
7071
8000
7734
5011
1445
2034
9336
7203
4583
4443
6181
5649
4327
2727
6473
4771
697
6625
8008
9236
4017
6237
6998
6199
3428
1864
3882
2281
7538
9463
7722
48
5833
2370
7792
3670
4154
8484
5584
247
4655
6666
4190
9232
4764
2566
3058
1259
4080
1470
6378
9824
1984
6820
1771
463
5292
2116
7679
2649
4321
4769
3010
6613
5607
8784
551
28
2898
6954
9265
7017
5251
7301
8663
9251
2220
7407
9693
5758
1017
3634
127
6136
8804
1728
1865
8654
4826
2489
5021
2481
4626
4395
8330
7342
8388
1834
8350
5935
8947
6807
2637
7464
156
6622
9178
7046
5503
3460
4012
3588
3035
2491
373
4714
4903
4824
3201
3073
2240
5497
5358
3310
4872
1017
5074
9796
8224
6898
3543
6167
2398
4640
2736
6603
5481
2578
3700
6934
8422
7596
9510
1022
6864
275
7913
3742
6466
8700
5153
7659
811
4164
4527
8196
6767
4532
2733
9739
377
4628
1794
1354
6074
3536
8866
8682
8131
6075
5294
1747
7334
3147
2419
5165
2130
5563
100
2716
6946
5745
6346
2452
7952
7400
3759
9678
3549
2114
8526
8090
6313
5779
7409
4323
8681
1523
9946
8227
9756
9274
1808
8125
5854
337
9763
7456
7414
327
9663
8408
8501
2367
4024
8911
1577
6550
3154
776
1552
9610
4403
9469
9983
9770
9028
9331
8496
9656
8886
3206
8363
9857
8331
4367
9597
9960
7021
3899
4788
1134
8706
4796
2971
862
5067
5077
5986
883
9896
3517
2739
5749
10000
9898
4048
567
4543
8320
3996
7674
9378
3328
4539
4618
5023
1255
3622
2744
9675
9314
5606
9497
2059
3447
6477
3640
134
2915
1020
8121
3434
6913
7252
1893
6343
3619
6923
2302
4673
3693
6311
275
8551
3536
5886
2540
2826
3677
6767
5466
2953
3096
5810
3718
3288
7167
5915
7165
9182
9742
7547
1019
7483
6675
5686
1344
1459
122
4684
6601
9041
8479
7204
4801
6710
2109
4007
5961
2935
8159
146
4221
782
9595
6190
6418
6266
7024
109
5371
3327
9489
2283
101
1374
6292
98
4418
5654
2532
8037
6505
6722
6120
8748
4399
4495
7454
9812
8999
3502
4923
8405
1312
6527
7655
4018
8055
6765
1637
3280
1369
6456
1250
3442
8753
52
11
3286
9052
7803
4802
3910
6833
6481
283
9299
2065
7989
7394
3345
4839
1381
5303
1796
1709
517
8228
8892
4330
1425
1101
1757
1098
9164
6031
4371
8474
9154
7984
2065
2161
6815
1425
808
6553
3113
2433
6656
157
1438
9394
233
4732
3103
8593
925
6827
3553
6027
3705
1484
4727
7505
2723
7074
6222
1552
2411
6214
7037
2775
1775
2198
2517
697
3718
2445
4332
3021
8464
8701
2282
1026
8480
7457
9672
8776
779
8658
3286
2706
4201
2024
5893
5504
6799
5142
5862
9980
2686
5397
7092
1996
3509
1065
2149
2290
4621
2866
9446
2192
3124
4043
1814
9675
3283
3853
6791
8678
6382
6430
1215
3390
5118
2207
1080
5971
9467
7192
4173
9212
1368
9058
5736
9399
9775
5738
7598
2876
7375
4134
2435
8476
4406
9044
7131
788
3319
5473
7483
8333
9702
7224
9517
2775
712
5097
4725
8373
3105
7360
8493
8693
8456
9082
7771
2748
4897
6308
3316
9681
9130
4979
1283
1048
3113
3860
4548
6839
2384
875
2218
3537
4288
9643
4300
9185
3261
8986
5426
2853
2559
4167
8493
7222
9021
7771
2136
7745
7527
5021
881
7167
6533
5692
5940
470
3301
3593
1804
845
8350
8077
9186
3713
5688
4830
9221
9546
8726
3322
762
4029
4027
2249
6031
8130
3270
2404
9240
1574
2544
8102
7523
5739
6334
2506
8378
9921
7893
8063
900
327
9581
5377
767
4001
8228
1146
5331
1518
3505
9257
4071
1849
6052
6677
2865
1774
2272
7616
1332
6788
1736
8987
3919
9931
6959
2186
6915
6513
3596
7919
686
4792
112
4474
6720
8905
7064
26
7903
9610
5012
9898
5615
7985
7421
3770
371
674
3277
9929
1426
4472
1159
6787
7938
4860
5522
2119
2923
622
4234
8527
6917
3100
9822
5668
767
2849
6689
6292
9544
6186
5818
4510
8049
4013
5527
8807
9651
2767
6107
7148
9500
6286
9913
6936
4881
1753
7663
7601
689
1596
1745
504
3231
3677
2500
8648
6358
2071
8549
6474
9857
5749
2166
5722
2615
4796
20
9835
2969
4135
2306
9936
8005
8313
4274
8765
6210
6427
4302
1480
924
3326
7823
9469
7707
3801
1280
8939
6397
2485
8375
788
3685
5591
3129
8326
8850
4793
9021
3439
6962
7823
5642
3576
4437
5092
5442
3581
3144
6069
4758
1703
5882
9955
633
5112
4410
2229
5537
5128
8990
9741
5898
1295
6679
8490
3343
6156
6734
306
8252
3942
7718
7270
5843
7736
6246
6045
374
4381
3339
2598
8176
4539
8884
9979
1807
8909
4685
6102
3859
3003
1952
6650
8847
9121
7028
9232
2443
7369
2176
873
1259
3538
6184
7148
2873
90
2919
8154
1875
441
6562
9388
254
5364
3541
7420
53
3953
6013
4253
9123
3883
4290
4997
3037
8021
7157
7133
9181
7399
358
3648
7720
5391
1072
3450
6043
5419
5273
3080
31
5381
8556
7548
3860
8113
2374
4262
8893
2570
209
6109
2047
6135
9235
1577
6931
8619
4421
8872
2320
6746
8590
5011
7792
5696
7384
741
1708
6264
4645
1267
3566
9605
93
5438
2975
1610
3566
4988
864
7800
8307
5900
6379
6307
8897
1604
26
6177
7880
6289
5834
1385
8696
1415
9448
3854
3398
3507
252
9382
2005
6187
4486
2743
4394
1833
8637
4290
7788
9953
6201
4313
6881
3094
2526
9644
2106
979
2735
32
962
6670
5357
7680
4976
2393
9871
9918
5189
4176
2762
6677
4637
5822
1975
2804
5653
413
7004
6617
302
8122
1062
5912
8093
3506
8404
9091
3300
8488
9614
3895
5256
3559
577
1941
4370
7545
7845
8564
8849
5974
9471
5244
2656
4470
5604
8910
5922
1353
1875
1749
1914
6588
7983
6875
8981
8687
86
9291
5422
6376
6262
3076
8643
9306
6261
8017
2897
6051
1913
8811
8295
1974
9608
7494
3729
5721
5485
6124
2487
6627
4256
2003
413
4034
65
6963
6342
8077
4630
1556
3393
6505
6953
8372
7049
889
9735
1816
4472
6335
5419
4422
696
6046
2759
7780
7023
6837
6185
6826
2342
1386
6480
405
3386
850
5898
6037
77
1913
6510
2561
5927
461
9755
2968
9462
6260
795
519
678
4391
5662
5911
8859
6942
5442
9644
6332
2750
5521
4193
3961
7130
1444
6012
5016
3670
7152
7992
8184
3502
938
4000
6443
927
135
6413
6852
2527
5719
2166
8651
9455
7675
1479
8805
5693
7918
2044
6533
4578
3503
2449
9766
4212
9659
8710
4570
8411
4128
7997
290
6401
9154
3761
5242
5831
9794
9459
7834
9458
6346
9177
8196
6314
7990
8659
4482
7307
9838
5693
882
8660
9760
4417
4477
1213
6569
4827
4033
5779
3648
5874
3523
6643
1114
234
6656
9983
7270
1131
3278
4514
1331
6608
4592
617
2133
1436
9401
8199
8502
2840
1640
5554
7802
3760
425
1939
9440
2244
5932
3921
4284
568
3305
3138
2875
9979
996
4081
1182
4979
4949
5034
7918
2844
4361
3407
7366
3250
3526
7806
8490
2352
7173
6812
8944
7321
9498
448
1244
8196
8072
5177
4868
1138
6986
5030
314
1410
8871
5536
6938
4081
8090
2359
4
583
7100
8879
1866
7385
670
2833
6177
4134
5582
6310
7377
7303
3214
1264
980
9776
2560
664
284
6625
156
2938
4426
423
348
6024
16
6694
8560
1074
1721
6701
2533
2949
4278
1330
6471
8365
7453
7294
4585
9694
4651
975
7669
9214
3749
8079
2257
6934
8783
1162
5096
4838
1135
9438
3884
9040
7243
2842
682
8731
5011
1704
8514
8248
6618
1908
7749
2241
4285
8972
3651
5913
2656
9181
7971
3670
5633
8864
3477
1478
2506
7225
6465
3918
1771
3264
35
9253
108
170
730
9489
7609
7421
7818
2795
6312
5064
8973
4027
365
2323
5980
270
3190
7104
8893
510
1329
10000
7005
4655
3757
4122
9322
8099
1611
1652
2542
8849
1419
8406
860
3745
1111
2649
2500
8205
5615
452
7628
2695
6089
6078
7487
3379
2475
3770
3052
1141
8872
3752
3979
4526
8349
2181
5146
9421
8845
9981
8961
9163
4681
9259
3985
3498
4895
8874
784
5279
949
4646
8037
6662
1608
1196
4503
1519
9640
4459
8697
6580
9576
9094
6374
4613
5216
467
3223
8694
9599
6912
1845
8048
5006
8066
9165
241
9442
2104
7012
8344
8475
3628
3989
160
1420
3484
948
6697
6154
4728
7843
286
3350
8829
4469
4793
6958
2649
9001
1355
9401
1096
6620
8469
1421
8161
2987
7265
8222
202
8325
9048
4332
1872
6230
5959
119
6997
4673
3760
90
4676
1519
7772
1121
7635
6610
3740
6255
8534
1045
2629
4416
3130
337
6798
4195
1045
4298
3974
2632
3546
2850
5140
1752
9199
1610
8178
7222
337
1240
7523
1166
1814
8992
2908
5075
4758
7833
5545
7669
1786
548
7537
1181
8012
8578
8240
1809
3170
8015
8579
1315
2937
8059
4263
3328
974
6563
6458
3099
284
424
6329
3666
1932
7794
7918
761
5854
3019
8146
7678
1793
1063
3843
3831
2308
4271
6441
2092
2074
6365
5851
137
5555
9762
4663
2154
6983
8391
3038
1976
9440
2408
7952
346
4478
2805
3190
376
9731
4377
6820
8064
4413
3514
3068
8391
7735
6721
1027
76
488
2599
456
7936
8185
8691
1375
3392
4745
4673
9340
2393
4399
9282
398
2789
7342
1081
7392
8904
1176
795
9803
5692
9684
6063
6941
9455
4042
3916
761
4460
8235
4695
3831
2834
6905
7059
6189
3892
7469
585
2017
8125
7220
1688
8113
9696
4035
4050
7908
1469
9091
2636
2563
3105
7879
2226
6728
8425
1756
7137
981
446
8382
4217
943
5629
2401
7552
817
9130
6932
9395
7408
8094
7735
8768
57
3339
3129
2783
4385
5705
8379
3695
8794
6072
4262
7332
8107
3852
2582
6039
5232
5936
3641
1775
3288
8975
3779
7429
3476
6707
8562
6751
472
3455
3689
4089
4320
5507
5785
2555
6975
7292
3770
6182
7034
5901
9833
8998
5497
4521
4380
9841
8131
2476
7666
6743
5451
9793
8555
1304
465
8444
4565
5199
8285
7690
5339
5405
3739
3091
1415
2704
7306
4914
9683
6142
9382
4702
9971
7179
5358
9057
1910
7535
7577
5299
9486
5261
2054
3516
1711
9740
3286
8571
727
7548
7204
9197
844
4525
5468
419
6359
7599
6896
8809
6913
3833
7371
382
4668
9383
1125
9897
953
709
4741
6589
7520
9557
6200
9760
993
9611
4483
8163
409
6177
358
7177
7112
1652
1812
7031
4605
7306
8431
9319
1840
7694
1675
1661
219
8157
6916
8108
2861
5378
9115
557
893
2912
2395
9528
4752
9987
3250
4852
1117
2443
8637
6480
5078
459
7197
6165
1786
108
6346
8490
1107
8913
2294
4551
9940
8109
9532
3968
3265
7304
7154
582
2377
9265
589
3602
303
9960
6909
1011
2500
3289
9835
3898
8452
3384
9665
9731
8172
2600
4782
8296
9978
6892
6457
7711
5018
6916
5318
5422
1492
4253
1259
7078
9037
6120
1700
6358
8643
5157
2592
8637
1515
8977
476
1631
4710
5519
3164
2866
9831
3460
1109
3347
6777
9607
2066
3994
1796
9861
3935
227
7255
3651
9701
2389
4997
473
98
7921
6040
3998
6657
9052
1024
5206
3810
4610
1543
104
7271
2181
6402
7347
133
9492
8856
5275
6231
6409
9073
1657
6890
2967
1462
9027
7688
1880
656
8304
6603
9368
7217
1992
2339
1472
2758
573
2728
6703
2324
3244
9887
1566
4266
3080
5456
5883
3756
9862
4056
7921
4213
7708
7188
7963
5261
3960
288
1752
7032
6277
2985
1135
4948
1562
979
3879
5577
4378
4080
3461
9305
5576
7794
5206
6871
7680
6289
9883
8532
1429
8789
6037
246
7609
9662
794
5307
8573
3722
9398
69
1438
7030
8734
5809
7531
7645
6063
1541
4353
5855
971
3047
8758
2450
2922
2616
691
9260
7500
9655
4734
2402
3208
2062
4033
8819
5444
4340
4610
5379
8046
2124
3515
2798
3036
7650
7194
8899
1121
4116
6599
7138
199
1937
9132
8285
8939
1162
7301
6595
3535
3377
6041
504
4671
2439
8897
7521
868
347
2120
8575
4085
9446
8241
3234
8038
9606
5021
5381
6412
5493
4327
7184
7971
7675
7554
2510
4422
4905
7595
1093
4281
3532
6263
3902
1829
4455
1528
7977
1665
4655
9584
1776
1859
4102
5117
1825
5518
5801
1540
4129
9901
1605
8622
5293
1999
4551
4573
2856
9429
5389
5255
6539
1202
1553
3946
8406
1800
881
1952
2022
4851
1303
3412
3624
960
393
7988
3106
389
7690
5976
6680
7321
8576
8879
9747
36
176
5586
2083
4912
5808
7735
5140
7334
9081
193
5669
6855
3050
2984
3294
8445
1494
4311
4531
4977
2199
2018
31
1315
2531
6139
1694
4704
9047
5523
5831
8028
6069
4796
7260
4402
3216
3648
1970
5328
7403
914
5551
2982
6900
3284
5968
5714
3219
5669
3462
6452
5693
8035
9964
3814
805
3281
9557
8282
1308
1393
1809
1902
8407
6114
3370
1121
9722
2128
7813
6052
9716
4847
6143
249
2422
2442
6405
9504
2987
3136
4716
7024
8038
1466
8119
6751
9463
473
2533
9771
5105
5979
5125
1436
9737
2595
1298
1794
9151
1952
7524
3623
6400
8690
7421
3944
2837
1288
7223
7847
4477
4283
9501
2510
794
5226
5277
2428
4886
4872
4459
7726
4362
444
563
7467
314
870
4027
5199
3691
792
3800
87
6718
1596
7961
5548
4309
661
8891
6595
4101
3338
3410
1174
8704
546
1104
4396
9597
5978
2363
9704
2166
5977
2934
8595
4275
3076
2288
8462
4899
3226
5252
3825
1435
1764
6313
2740
5445
1417
5118
491
2137
1717
402
3460
5363
4060
5306
7794
8989
4457
6777
2291
394
7075
96
1070
1895
9429
4034
3209
6773
5237
7421
1213
2957
7669
6547
4327
1165
618
6768
5190
524
5664
8376
6383
8488
6184
9627
9381
96
3153
5622
4672
8200
3608
8899
2373
5017
9977
7098
6929
6499
9363
1831
2965
4235
995
2836
2603
9081
6805
5093
4905
8747
2251
8769
2854
6527
1394
7040
3464
843
8626
7063
3754
7422
8211
7440
2718
4274
9668
416
4853
1938
3134
9670
7577
3408
8022
9967
959
1046
2710
4173
8
5171
5760
4101
9037
5550
7750
4171
5335
78
5527
1752
2109
3514
7549
1318
2515
220
7296
816
6253
4860
5108
7859
4258
5572
3575
7679
4329
1286
803
2683
6980
4459
9926
1839
8054
5225
9315
3341
461
3168
256
9933
2849
4293
6903
3321
2585
2706
1587
8399
4270
8069
1466
7291
8179
4011
2424
5676
7333
4494
6615
1691
2880
5302
7315
5886
1985
4879
9017
4219
5345
504
8804
6953
5710
1665
1413
4590
7532
153
1315
1254
1476
8001
746
3167
8447
6918
9892
5096
4003
8121
6021
7128
2068
4299
1927
2446
5628
9682
7566
6949
3405
9718
3780
6289
8658
5515
8130
445
7862
6962
3742
9350
268
7250
9985
3560
3696
8729
7483
1619
6466
1946
9140
2994
8224
3865
3092
5626
3959
7050
8317
7500
6555
5097
6427
9483
6527
1405
2699
4382
7677
6
1115
12
1579
633
1444
5256
7485
8796
7689
5032
2447
1533
3043
4737
4958
1742
9667
3238
1528
9295
1839
7513
6556
6209
6029
406
4262
3104
6819
6504
1447
6139
5064
5831
9519
7029
1568
5642
359
4635
3213
2210
1623
6750
5937
6523
3639
2918
3964
746
6152
7001
4448
3313
3312
7781
7685
4477
727
3895
9823
3476
8813
5317
5147
9910
3147
4972
8563
2042
6741
8922
1676
1245
2444
4206
8478
3805
1810
1772
1300
2642
6084
8795
6941
3379
7699
528
1868
3430
4643
6772
4704
3109
6534
9960
8437
7260
1006
508
3735
3804
9577
4224
624
7855
9161
5725
4941
4024
9316
8645
7899
5445
8882
1602
8240
6186
9067
3942
5155
4637
8252
5666
343
3897
8325
5802
2153
1254
6177
4876
8620
7967
6478
7695
220
6695
2341
4868
4511
4209
733
5919
740
3091
2394
5338
7381
497
1309
9099
6671
5245
6898
521
4551
7207
3640
7729
3790
4502
9001
702
5064
951
7570
2504
3107
3967
9874
4840
1975
8105
2260
6723
8158
914
4132
7701
781
2357
3050
4343
8731
8342
4096
6424
4796
4044
8375
2189
4687
9659
789
8214
5387
1972
6903
1765
1675
6139
3771
7946
4765
6284
676
5009
6367
1673
4842
3984
1282
9357
2124
4913
9014
6728
3244
9733
1875
8019
7864
3348
9840
1314
116
3564
9323
5600
3835
7245
867
2
2367
5643
5443
8855
8927
6192
2756
6229
1685
9048
2194
3556
1070
3184
8527
1649
390
1794
6437
2005
608
9457
8654
5627
5986
8221
1748
3392
3985
143
602
4073
3255
5400
2728
4674
8855
129
4148
9921
5030
3025
8968
6522
2303
7967
2845
3918
3361
7681
6651
9234
3295
4736
4817
2094
4936
4085
1235
8146
2197
1081
1012
2407
2350
1819
1740
2127
4209
363
3256
6733
976
1526
9219
1212
3965
7399
1638
7200
2860
7783
3840
7753
2162
2141
4649
3070
9835
634
134
4121
5575
2928
4577
2229
724
4901
6912
3306
4390
366
7551
1291
3462
7678
1017
6047
4248
9740
4025
4643
2157
3039
1925
7583
2634
231
319
7240
7679
8056
108
8647
5380
1042
205
3006
7771
5765
9507
184
2421
1042
6772
49
7881
6423
1198
4674
8454
3974
9377
4381
5968
9792
2336
630
3864
644
2837
8781
2776
6315
5872
2816
1064
6168
5801
4034
1242
2452
2251
9841
3478
5352
3622
3419
5770
3755
3993
3584
7633
1564
7974
341
8800
9948
3323
1534
5000
6511
4715
9739
6744
5949
7077
3309
171
241
4387
8524
9856
1157
4081
9971
4645
8829
911
662
3531
2134
5763
8131
616
7597
6417
7153
4204
2091
2392
4990
2579
3408
1587
667
6776
4510
491
9190
3959
8299
3095
9571
4286
7654
6622
6319
3311
6610
4105
9878
2420
8649
8301
2960
5708
7008
4784
6493
1747
5427
7356
233
4243
3557
6683
5548
766
3005
1988
2169
7542
7808
1073
3793
4252
8147
1176
1856
6186
9661
6222
9703
5869
9193
4223
7595
9383
5011
2403
4232
8532
1304
9615
3677
6782
8702
6468
1613
4128
734
8755
6626
7084
28
4109
4630
534
9378
1285
828
5500
420
7252
1482
3841
6714
3818
6458
2253
5554
4914
4099
3468
8565
5081
2204
9028
1122
5725
7957
951
7388
5932
1764
8558
1891
1419
3436
4927
345
4060
9423
1137
5422
3822
5436
1893
9386
2315
3815
2345
3567
1359
904
6744
5167
7540
7607
3169
9815
8807
7405
2917
1604
5683
8584
5418
164
9990
8191
2510
6641
6317
449
4996
2855
7701
7238
5117
64
3804
642
8067
2493
2993
7737
6452
2706
1426
3588
6286
1479
3096
5313
6024
2219
9884
4044
9697
8614
1294
5448
1226
2936
3316
3093
1191
7034
8379
8870
4476
3581
5777
4806
3493
7647
9742
8547
3065
1150
3422
2823
5927
275
2228
2067
7481
4114
7417
3747
6167
2552
7305
3959
3037
1630
6008
8874
7946
5317
5251
434
4028
1282
5821
3484
4076
7515
9007
4478
4998
6614
5810
6754
3303
8203
5724
8316
904
8864
7562
5741
7855
9822
4425
2357
2180
2206
7996
6530
8839
7045
3706
9484
1287
2780
5883
8050
215
9199
9640
9626
3772
7245
5230
6916
3799
2569
6238
1695
259
1747
1012
741
4984
328
5082
5060
3336
7661
4115
2636
2106
6257
1536
4365
8621
4369
3133
7450
6457
9280
3583
5974
6422
5578
2715
7451
2479
3533
7264
9720
6042
335
1941
9134
9307
6813
8521
8155
4995
743
6027
2214
7180
1635
4985
9368
2504
3727
6595
7310
495
3642
9615
3204
7328
6442
788
4451
9827
2868
1846
8545
9489
1637
9009
7495
8695
5817
220
2900
8746
4761
3178
2920
9322
6214
5147
6131
2545
9921
666
6115
525
2542
4286
8225
1180
9038
1666
7784
5033
7240
4141
7323
5570
9773
8856
6652
1863
2414
759
9971
3359
635
474
8022
835
1938
6507
3387
8966
4685
4934
7009
4953
3357
4511
4436
6268
2440
2192
7639
7853
7163
778
5783
1273
3327
2747
5820
5279
7575
724
9163
6552
1997
7513
6447
9515
4776
5678
3229
962
6278
6849
5668
2266
1632
7354
2495
5125
5113
1051
5104
1035
7290
156
1562
7602
8977
3851
8538
8746
9231
654
8414
7054
9654
8192
5699
4416
7102
8436
1955
9272
4416
5396
4945
102
96
5078
8323
7328
1019
2042
420
7870
458
5011
8313
4940
7260
2286
2238
5151
3827
1401
8421
3240
6967
3541
1401
9218
4199
2883
3478
8832
4930
997
9297
489
3609
7704
1187
2541
5097
2045
176
6625
8163
918
8287
3241
9807
2072
5918
5450
6127
2864
1254
6121
4464
2642
6083
288
2676
725
6426
3138
3249
5768
7485
244
2913
5795
6133
8596
5489
1284
4341
9524
7975
9899
6000
1236
6459
4463
6839
1655
202
5820
8227
2953
1629
6509
8858
7036
3232
3123
1960
8959
6305
4588
5116
4936
2518
6701
2021
6434
2181
2479
7818
9753
8009
818
5950
2177
1096
1524
2790
2085
3877
9858
2004
2766
8604
371
9356
377
8625
9788
576
4462
1866
9448
4030
1448
3528
9320
9366
4492
6349
2681
6002
3658
2102
6453
3964
6367
1062
4185
9148
4697
5867
3626
2504
5490
3332
7392
2503
608
7116
4773
4793
5532
6297
8610
5303
1525
2517
9466
1343
9691
3546
7937
6811
2961
1050
175
2957
9505
959
560
6544
2125
7485
1810
103
8317
1825
7943
1939
5047
8377
8074
7114
9511
2310
4979
976
9582
9214
5638
1195
3447
6434
139
4365
2699
4002
3012
1673
9959
8802
4513
4657
9216
5967
6167
7795
4278
9861
6855
9525
7456
4363
621
8963
547
8181
6587
8607
8538
685
4741
2960
6740
218
3598
1143
6695
3883
6695
9106
3838
1725
936
8172
1358
5891
5308
4265
4489
7485
6025
3638
9173
3254
4496
2662
4206
1591
9753
1386
5889
5734
2471
3038
1355
4984
3775
2626
534
6310
2425
3640
5560
454
616
7704
2018
5748
6871
2703
1963
9995
3598
6734
8823
3256
8851
6963
9106
4795
2280
4759
1300
3645
857
9503
2805
5929
4848
9309
1461
7625
7569
8416
9840
6237
6732
8534
7989
2580
4370
9825
8777
1717
9872
3703
5346
7864
9083
6368
6023
1025
5246
325
7726
9094
4560
8111
9308
9182
2311
5187
6691
6017
4620
6154
3657
6196
922
6113
8539
7212
2151
1527
2518
3043
6740
9360
1641
7120
5610
4362
6533
8525
5431
2171
1612
1875
1195
3454
7275
7067
9507
6179
9086
4839
4359
3563
4222
7846
7702
6952
8927
9966
4882
3780
4073
4334
1174
5392
2022
3964
9544
5294
4804
1100
5982
676
8759
6814
1522
2273
2823
9310
1150
3915
5502
7014
7426
1610
9933
6501
5469
3849
5779
6881
7417
4203
409
8810
1265
703
9422
5083
7381
7133
51
9214
5115
9565
3590
6328
7329
3484
1364
9634
720
6022
254
7779
7436
2788
1674
9908
4244
3466
2501
5672
4560
6195
1229
3474
6038
1374
3798
1577
2151
5369
286
6640
8059
6878
6830
7686
9165
6764
8523
7437
1805
3717
4413
6499
1258
2491
9464
9174
6756
4543
4965
709
3772
486
2925
1427
9396
1873
9358
994
4868
2702
8489
8061
1094
320
6765
4141
2005
9098
5337
7263
1641
6659
7662
9137
1056
5535
4490
8183
2571
3741
3525
4954
4965
7493
6722
2455
7565
8078
3206
9016
2605
1653
5261
1425
5551
3708
302
1173
9729
5876
2404
2855
5177
893
8653
5141
9074
5582
1375
7265
7753
5941
9803
3874
7404
6147
3354
9391
6674
5386
312
5728
3772
7873
8704
6356
7987
9708
8407
5750
7229
9670
3357
7448
2232
372
2043
3880
1670
3423
8157
8777
9232
8093
1069
526
7078
9081
6573
6216
3059
5096
3742
7698
9881
6142
5731
4790
1588
4746
6317
1202
3837
743
3682
8655
8487
7880
6153
5831
8391
1646
2303
1553
9594
5354
8919
1302
9291
9579
5619
1784
6142
9636
1659
5664
7828
478
7130
3979
1402
7462
2798
5713
9001
3504
429
2837
9685
2650
8630
5375
8276
8882
9647
8857
240
372
3575
8034
7916
4008
1430
47
682
6111
3122
7747
7104
6116
8611
4672
8470
3765
5494
2925
8921
1446
1355
1770
1816
5418
2004
6115
119
5102
808
281
1832
761
6391
4464
7634
9719
496
9807
7013
8854
4964
6982
1733
8411
1624
3102
2811
8882
6039
2717
5758
3025
7679
3577
6083
5063
2045
765
867
9111
1756
10
7729
5303
5525
4540
6261
6125
5615
9860
5663
8246
4895
1534
4685
1148
9726
1302
9982
824
3645
4243
7714
4968
4094
9085
9012
9190
3205
4637
5139
7152
7922
8350
1764
9106
725
519
1501
7397
3385
489
2535
2079
4369
7341
4361
5372
6365
6059
1046
7313
4693
6944
1651
8914
6861
6587
2190
1113
8207
9068
621
4099
2952
3643
3829
3161
7049
841
3232
9481
5014
2112
544
1790
9624
9551
6470
6638
6897
6208
1825
4283
7215
7373
7309
8436
5175
7448
5464
6271
9095
3488
6331
7402
1754
8213
4030
2935
1687
2086
8965
3659
9213
5751
1319
8209
2472
8689
3397
7108
8631
6836
1805
1463
6376
8446
947
9119
1473
5811
9268
5266
5282
6344
4120
6709
2978
8723
1278
3953
9737
8253
5080
7510
7588
1004
7875
7500
7436
1033
2524
8485
2877
9841
3132
336
2185
8194
3344
7048
4172
1508
4828
5199
161
8860
2149
3714
7645
2442
7931
7978
3403
8007
533
9575
7785
477
9264
8666
8088
3692
4737
3954
513
9117
8723
7980
208
3536
2549
3806
9856
5937
2843
5681
8893
8013
3186
8117
8885
1968
1014
5271
9425
9097
5163
2047
2588
4796
8993
2381
9402
4891
3892
2955
8828
2941
9638
679
966
2534
9610
6659
2796
6546
5009
8823
4842
8770
1176
345
2486
2121
2311
1316
8480
9071
4157
8927
71
5142
8214
8401
9694
8599
436
659
2389
3494
3844
7515
8973
1501
3869
2260
9852
1602
1881
7712
3067
794
1375
4068
835
5770
6906
6335
7792
6478
2862
972
6900
6162
9215
345
3280
651
2329
5263
1634
254
1932
2196
263
1101
6959
7028
1065
2301
2542
2080
8863
795
6517
2829
5305
5221
4956
2448
1338
2318
4076
4583
6859
8929
7175
8476
7224
4293
6902
5104
8604
1608
56
2142
7753
1416
2923
6327
1929
4640
805
886
5462
9111
9498
6606
9939
7290
8586
9154
7210
7127
515
9214
5805
5832
3606
5113
9800
962
8956
9172
8522
6253
9038
5447
337
1616
2608
8379
5482
727
5228
8759
5611
7483
4035
5170
7522
3393
5969
2810
1552
7091
8627
238
4555
5720
988
2616
127
2052
7368
6122
3306
9480
965
869
7524
2578
3589
9948
9501
7627
5620
3977
9360
3531
6127
9361
3012
2052
5968
5971
257
6843
1763
1489
133
2567
3972
9072
4867
7609
9787
3992
8767
1295
34
6869
8124
8723
4851
4353
5118
9510
1504
2057
7026
6107
2512
196
4703
6883
6065
5706
7477
1387
9312
6765
1046
8398
7070
9773
9740
8843
4378
9421
7181
5294
5761
6517
8722
1649
3575
7877
3236
4313
7309
6487
6796
4070
222
7573
633
4606
3446
3090
83
5907
1594
9183
7551
2629
9016
4196
3284
7138
6504
3973
1563
8910
2539
4844
7563
601
2063
2430
1575
3320
9495
5490
5472
5059
7522
6820
411
4280
700
5021
7655
5889
186
886
6557
779
557
3515
8889
666
4508
2828
7743
9326
7742
3892
4476
3511
1920
9156
9201
281
5363
5089
9177
691
2605
1505
1731
4375
8345
9730
2971
2464
7296
7845
541
8967
7230
9671
8854
180
3074
4433
4839
7881
9106
4784
3709
6190
5310
5673
506
8080
1741
3291
384
4146
7039
8995
7704
7647
3654
855
8917
1269
3340
4385
8759
7323
4758
7082
297
1512
883
2025
3002
405
7142
8779
6203
2367
810
9535
3443
2017
2812
8757
7810
3268
5827
5037
7202
6368
3247
3784
1226
8791
7828
90
8579
4630
2793
1004
5989
529
3854
3896
8509
1466
9776
4588
6888
9696
2610
8778
7255
2567
5735
1539
5389
998
9531
4493
406
873
9445
4076
851
4602
6698
4238
754
3453
689
2130
7500
8131
6376
4876
2054
4822
2874
2864
6899
4448
1326
3413
2339
3175
9012
6943
816
1085
1431
4022
6336
587
1480
7206
2816
6094
7209
6293
2557
9081
8031
3309
2424
9863
8569
8371
6790
2070
6917
9152
2115
8033
9879
6285
7281
9824
4905
3193
5469
8422
7634
8250
2876
7693
5728
7776
1680
3415
9997
5579
5754
683
3646
9182
1595
8558
8110
7822
3390
1713
2845
7527
1687
3149
4424
1975
4386
1556
4665
4612
1980
3333
3436
1563
394
2420
9830
8882
1422
5021
4629
3175
5241
752
7805
7567
2635
6038
4778
1563
4045
3056
4744
3275
289
8734
7158
421
5442
9021
5630
6105
8164
8822
367
7668
7911
2024
5613
656
2760
7690
5003
4914
1737
4486
3088
5543
5868
2602
4786
4050
5421
9700
9561
657
2124
630
6509
9275
2571
748
426
5305
4814
7132
4484
7362
8901
1261
6737
9178
354
9781
1642
726
2648
9554
2459
30
5562
3560
3640
9240
240
9720
5192
5212
6005
9996
3878
3826
4062
2751
7251
3317
3917
3997
4582
9121
4275
6242
5012
8651
1719
8806
7505
3743
1021
3503
2055
2088
2235
5185
7190
6264
1649
4146
2917
9463
3034
6243
9021
4170
4297
5441
2570
2215
8470
704
4724
7583
8522
4110
8297
7525
9605
8415
1685
1282
2732
3246
3256
50
7897
6150
8282
2339
6560
6043
2839
6755
2549
3677
3371
9180
7172
1400
20
3067
9395
3086
6368
2810
2458
3358
9035
2257
5126
8738
7980
7383
9762
6481
7275
352
1604
1974
9487
8141
3456
4701
606
2483
1227
6904
3059
1601
4416
6216
3330
9846
5188
657
9632
9987
9228
2601
4712
5302
574
4655
5768
6154
6812
8131
7205
5033
1878
3934
6106
645
3367
4805
7397
113
7873
632
2678
2391
691
5094
8971
9316
8983
223
24
8489
1395
1789
8538
8479
4618
7498
4458
4575
2591
6461
7091
6571
2842
2383
79
5215
5950
4190
2339
5882
7354
4972
3153
2606
8853
1678
7027
9203
5849
367
1622
65
5270
6592
2988
5312
2558
5488
9969
9575
6704
3944
6698
2240
2927
2553
8003
7379
3301
9043
7870
5235
4444
3317
1298
9483
6108
2771
9252
4759
5960
4041
5402
8749
474
6294
1719
2193
9424
9100
4919
2430
5982
6422
3738
4126
3131
3781
419
5129
2903
682
255
5351
7375
384
6657
5770
582
245
4979
2293
1998
7890
1903
7175
3218
8846
9304
2683
6857
3393
1389
9544
8343
4995
5325
9569
2321
2158
3214
7965
8481
4930
1
540
8398
9712
5592
2596
5443
3099
3649
4293
1423
5252
737
1991
4788
4151
1093
6876
9129
5452
7883
6167
2021
4407
2422
2981
1626
6465
98
7381
2872
8292
5129
4585
4893
9474
5736
3908
4920
9479
9166
1361
5463
8518
3201
6531
3698
8571
2962
6460
3829
9658
2559
2693
2149
8508
6523
6102
2676
8990
5160
6342
201
8699
1921
4893
8182
7002
5299
4661
1016
364
266
133
2370
1948
4367
2666
9664
5472
9527
5107
8665
5973
3558
1618
6921
2129
1119
9377
3034
1375
6591
4279
3593
3187
2579
1386
8191
2599
8103
772
2204
5508
303
599
1453
2436
8767
6172
1579
158
2034
2714
2809
1248
3245
8149
5207
9503
5133
9144
1701
7020
4271
5303
9104
3992
4173
5341
3564
4300
1558
1016
9355
4677
9305
2266
4943
1973
7081
7352
6007
8528
5222
9880
5796
5125
7671
8493
4343
6626
4757
8321
3479
4827
9989
7237
9969
5843
8533
2133
7639
4359
6786
8182
2950
3340
6974
8961
5885
9776
55
8972
4571
7144
8587
9655
8681
694
2376
3722
2788
4040
4582
6109
7533
8507
516
6919
5125
2253
2856
6148
3774
991
9029
739
417
7968
9625
678
5015
1729
8165
2300
3105
3353
2326
7147
721
3391
8227
2161
6131
7903
8559
8797
6897
7243
9419
4048
159
1004
5980
996
307
4780
9252
2459
1367
4334
5356
6431
7668
9803
6089
5112
7882
6358
8234
3872
4802
4129
7720
5544
2222
6226
6956
8681
8219
9547
8699
9077
4304
5785
6704
8559
2612
8378
7574
8244
3666
2271
2316
6094
3498
9405
6419
2302
3193
2810
143
4120
4541
4796
4810
7120
9854
118
3070
4248
172
4936
7706
4680
2656
6126
9689
2075
3184
1916
7318
8964
8467
2403
9798
4214
6252
6629
2789
7812
9666
1679
7196
4443
4685
7487
6257
31
8057
3067
6846
7735
4468
6707
7513
2968
1880
2082
1509
1783
1699
3733
2086
423
2004
2313
5230
2715
4640
6527
4244
6243
9419
6638
5398
3310
6855
8360
3851
5183
6173
905
6149
1437
7711
2619
9531
7314
1376
2888
3562
3556
3249
1058
2370
9866
5286
2934
4313
5696
2966
5887
8727
3763
8197
8816
7316
3706
753
115
611
7059
2846
4146
9911
1759
8044
3409
3447
7381
285
5990
285
6076
7759
4309
1340
2082
7068
8249
3194
6865
554
1647
3085
1025
9497
2940
9979
1077
4179
3247
9471
5733
2165
3057
1298
554
9805
9418
4879
5770
2579
8740
8835
5437
1315
601
3088
41
8790
7835
9563
2453
392
2972
6925
9846
151
9430
6358
7969
8589
9999
4248
896
7961
3388
5772
2236
6892
6940
5627
5421
1028
7770
4166
5395
7846
7031
5195
8252
2758
829
2423
2912
6658
428
5431
6183
9376
5511
249
3109
6236
4368
8584
4399
101
9403
7721
3116
2450
3617
1266
1796
359
7325
2108
7173
7225
3273
701
3126
2369
4089
6535
4851
1608
6026
4118
3711
8855
6562
3496
7359
5324
1671
6241
2774
2354
8160
4557
920
1692
1827
195
4877
6586
6971
6034
8576
7386
5651
2544
6018
4410
9124
5504
7522
1389
719
3717
1239
4568
4344
8910
4908
3706
7597
2751
399
8543
790
7249
3154
8499
7447
132
9560
6143
1477
9997
760
2809
7651
9035
806
4834
6339
5806
8059
7537
3097
620
8475
8800
5013
3544
2934
6261
106
4394
674
140
38
4244
177
3767
8405
1808
6054
4489
6378
6757
1562
2601
2665
9160
2896
6203
3745
5347
4248
1309
8435
1723
8943
5811
9042
1659
6093
5453
7033
8948
6879
2076
6621
6950
1205
3629
1193
4828
3257
4642
9690
1181
4430
5837
6602
1550
3219
1960
3321
6972
7517
7858
7926
124
7506
4719
101
5341
4142
3101
534
9282
4239
3068
7137
6507
9590
6971
4778
8734
9295
2129
1228
3416
187
6572
5469
5598
2906
2059
3167
1855
9604
6104
92
9010
948
8834
6542
4189
8653
6051
1676
5148
9600
1218
9963
2451
5639
1217
9610
2762
720
7105
5167
1501
6598
3843
6843
9194
3197
888
1762
8538
7002
1598
1923
1345
4372
775
7038
9326
873
9289
3353
4092
7439
7714
5489
818
4779
2885
3801
8028
2754
7729
5565
5983
800
9959
7975
3107
5102
9751
1759
4637
9851
1309
5657
7363
6570
4059
357
2935
1057
3114
6476
8668
7184
1417
9718
4681
5802
5893
2422
9246
6798
9703
509
6858
4404
346
4472
776
1126
4450
8572
7398
8774
8991
6806
3239
4996
5125
2678
8425
4086
886
8268
7378
7565
9910
768
9616
430
5840
3282
3547
2867
8293
3537
3566
8492
7999
4479
2388
185
3994
4367
5553
6133
9215
9162
1401
7717
4424
6222
4802
3531
4105
117
8939
2617
5501
8722
2156
3875
3900
5746
2192
7685
1092
7712
661
1457
1644
7383
9739
7339
7205
4728
9764
26
542
741
3816
5342
7612
6558
8692
6725
4541
9981
7234
8539
2750
5580
5236
7635
4036
1989
7064
5878
4015
5336
1105
6562
283
6769
6227
3486
4870
7
1250
317
9163
8701
7717
1092
269
4306
2901
6485
4774
718
5662
5056
9439
4001
4902
3353
3940
2176
1739
757
2417
2074
1780
6956
9135
6348
3394
793
18
3994
6506
9135
850
2339
6283
6241
476
2177
7924
8511
8651
2201
1813
6965
4686
4256
4120
2876
9668
5035
144
572
3825
7542
4197
4833
2760
4208
9115
4948
4099
7165
6312
4803
5247
4956
8558
7989
2089
1220
5389
3790
9623
6706
4120
4417
9815
7461
8963
1149
8601
6115
2728
8852
1498
6377
7629
4007
125
7677
3343
3505
389
9847
5264
6334
6503
900
1820
6943
7994
9777
6386
8018
6729
2000
8519
9778
9112
2772
9719
3537
6388
4005
3600
1809
1890
5510
6951
339
3272
8315
3054
789
8251
3922
2241
629
5033
6062
4383
7145
5007
5380
5437
4954
4709
9006
6811
5627
1432
9535
7479
9218
8501
3452
7299
9381
1862
3783
4423
836
4195
3369
9543
4347
3967
5891
1134
7278
58
5444
3096
3606
2120
1321
2726
2142
3710
5863
1892
632
7921
1484
497
7600
6559
4809
4636
2821
5752
9367
4001
6643
8065
2909
4590
6463
3938
5432
7539
4988
8776
6850
9949
1207
8730
8303
1996
7254
3243
5268
4908
6026
8002
236
9644
8234
3662
5253
287
2007
3026
9815
9409
6674
2062
4147
2387
1652
8489
1172
799
409
9918
2386
4626
6849
618
3699
5362
9244
6655
4585
9943
3044
2718
110
1054
2696
6771
9412
1806
9485
6281
4764
2358
1770
7814
9406
5856
7033
9235
8448
9054
8534
6797
7290
8061
2138
8680
6793
5726
9013
7432
8744
9254
4147
1552
7732
6299
8160
2831
1153
7247
7008
2827
9591
7227
9047
8966
5195
5475
4583
7099
5984
5603
4815
6627
3892
3933
6867
1081
4835
6153
2422
6920
9999
1470
5887
9334
5360
4885
9730
4432
4561
1925
3525
8240
9685
6207
8172
333
3041
2729
5289
2721
8954
5696
6363
3898
64
1619
2010
6776
7870
1559
5417
2083
892
7973
4970
277
2083
313
9868
6430
7964
8233
7524
5094
1897
6509
1947
5650
4708
6592
7725
2659
4421
2991
5006
2222
585
2709
7435
533
3252
1339
1449
5854
2041
165
6903
1812
5485
1188
3468
5824
5505
4383
707
1227
7737
353
7788
6450
4716
3100
3695
2413
8184
8491
5220
5595
9533
8691
1061
8081
4434
8563
1044
5508
2202
3931
8159
2043
1789
3628
377
6972
3059
4065
7662
7208
5489
4385
5520
8071
7732
3557
2599
8543
91
3065
3311
